2
1
1
1
2
20
10
1
1
1
1
1
0
0
1
1
1
1
1
0
0
1
1
1
1
1
0
1
1
1
1
1
4
0
0
4
0
2
1
1
1
1
1
4
0
0
4
0
2
1
1
1
1
1
0
1
1
1
1
1
4
0
0
4
0
2
1
1
1
1
1
4
0
0
4
0
2
1
1
1
1
1
0
1
1
1
1
1
0
0
1
1
1
1
1
0
0
1
1
1
1
1
0
1
1
2
4
1
5
1
1
5
2
1
6
1
1
6
2
1
1
1
0
0
1
1
2
4
2
12
1
1
12
2
1
13
1
1
13
2
1
1
1
0
0
1
1
3
1
1
0
1
1
1
1
1
0
0
1
1
1
1
1
0
0
1
1
1
1
1
0
1
1
1
1
1
0
0
1
1
1
1
1
0
0
1
1
1
1
1
0
0
0
0
0
0
0
0
0
0
0
0
0
0
0
0
0
0
0
0
0
0
0
0
0
0
0
0
0
0
0
0
0
0
0
0
0
0
0
0
0
0
0
0
0
0
0
0
0
0
0
0
0
0
0
0
0
0
0
0
0
