2
5
1
1
2
20
15
2
1
2
10
2
1
5
1
1
5
1
5
1
5
1
0
0
5
1
5
1
5
1
5
1
5
1
5
1
1
0
0
0
0
0
1
5
1
5
1
5
1
5
1
5
1
5
1
5
1
5
1
1
5
1
5
1
5
1
5
1
1
0
0
0
0
0
5
1
5
1
5
1
1
5
1
1
5
1
5
1
1
1
4
0
0
0
0
0
2
1
2
13
8
1
0
0
0
0
0
5
1
5
1
5
1
5
1
0
0
0
0
5
1
5
1
0
0
0
0
0
0
0
0
0
0
0
1
1
5
1
0
0
0
0
5
1
5
1
0
0
0
0
0
0
0
0
0
0
0
0
1
0
0
0
0
0
5
1
1
1
1
2
1
2
9
8
1
2
1
2
11
8
1
1
0
0
0
0
0
0
0
1
1
0
0
0
0
0
0
0
0
0
0
0
0
0
0
0
0
0
0
1
1
0
0
0
0
0
0
0
0
0
0
0
0
0
0
0
0
0
0
0
1
1
1
1
1
1
4
0
2
1
4
0
2
1
4
0
2
1
3
0
0
0
0
0
0
0
0
0
0
0
0
0
0
0
0
0
0
0
0
0
0
0
0
0
0
0
0
0
0
0
0
0
0
0
0
0
0
0
0
0
0
0
0
0
0
0
0
0
0
0
0
0
0
0
0
0
0
0
0
0
0
0
0
0
0
0
0
0
0
0
0
0
0
0
0
0
0
0
0
0
0
0
0
0
0
0
0
0
0
0
0
0
0
0
0
0
0
0
0
0
0
0
0
0
0
0
0
0
0
0
0
0
0
0
0
0
0
0
0
0
0
0
0
