1
1
1
1
1
15
15
1
1
1
0
0
1
1
1
0
0
1
1
1
0
0
1
1
1
1
1
1
1
1
1
1
1
1
1
0
0
1
1
1
0
0
1
1
1
0
0
1
1
1
0
0
0
1
0
0
0
0
2
4
1
6
4
1
6
8
1
4
6
0
8
6
0
0
0
0
0
1
0
0
0
0
1
0
0
0
0
4
0
3
0
0
0
0
1
0
0
0
1
1
1
0
0
1
1
1
0
0
1
1
1
0
0
1
1
1
2
4
1
6
4
0
6
8
0
8
6
1
4
6
1
4
0
0
1
1
1
4
0
2
2
4
1
6
4
0
6
8
0
4
6
1
8
6
1
1
1
1
0
0
1
1
1
0
0
1
1
1
0
0
1
1
1
0
0
0
1
0
0
0
0
4
0
1
0
0
0
0
1
0
0
0
0
1
0
0
0
0
2
4
1
6
4
1
6
8
1
4
6
0
8
6
0
0
0
0
0
1
0
0
0
1
1
1
0
0
1
1
1
0
0
1
1
1
0
0
1
1
1
1
1
1
1
1
1
1
1
1
1
0
0
1
1
1
0
0
1
1
1
0
0
1
1
1
0
0
0
0
0
0
0
0
0
0
0
0
0
0
0
0
0
0
0
0
0
0
0
0
0
0
0
0
0
0
0
0
