1
1
1
1
2
15
15
0
0
0
0
0
0
0
0
0
0
0
1
1
1
0
0
1
1
0
0
0
0
0
0
0
0
1
1
5
1
0
0
1
1
1
0
0
0
0
0
0
0
1
1
1
0
0
1
1
1
0
0
1
1
1
0
0
0
0
1
0
0
1
1
1
0
0
3
1
1
1
5
1
5
1
5
1
1
0
0
1
1
0
0
0
1
1
1
1
5
1
5
1
5
1
1
0
0
5
1
5
1
0
0
0
0
0
0
0
0
0
0
1
0
0
5
1
5
1
0
0
0
0
0
0
0
0
1
1
1
0
0
1
1
1
1
1
2
1
1
10
8
0
2
1
1
10
8
0
1
1
4
1
2
1
1
0
0
0
0
0
0
1
1
2
1
1
10
8
0
2
1
1
10
8
0
1
1
0
0
0
0
0
0
0
0
0
1
1
1
1
1
1
0
0
0
0
0
0
0
0
0
0
0
0
0
0
0
0
0
0
0
0
0
0
0
0
0
0
0
0
0
0
0
0
0
0
0
0
0
0
0
0
0
0
0
0
0
0
0
0
0
0
0
0
0
0
0
0
0
0
0
0
0
0
0
0
0
